0.03139708 1.137796 2.700305 -0.01914623 0.9376671 2.738106 -0.1825061 0.8451818 2.694497 0.1536314 0.8370451 2.820914 -0.3185707 0.6271716 2.735608 0.1793362 0.6524144 2.857455 -0.3894936 0.3878534 2.652926 0.2011664 0.4863887 2.743794 -0.4054747 0.2985287 2.625301 0.2180761 0.4444321 2.660421 -0.04375916 0.6314132 2.748861 -0.0352483 0.5726622 2.718396 -0.1143473 0.4958777 2.688849 0.03691456 0.4922162 2.734268 -0.1091259 0.03972816 2.344479 0.0232775 0.06341634 2.717481 -0.2014405 -0.3849773 2.340131 -0.0795139 -0.3504161 2.507524 -0.2130769 -0.30694 2.378278 -0.1077164 -0.313081 2.599398
0.03139708 1.137796 2.700305 -0.01914623 0.9376671 2.738106 -0.1825061 0.8451818 2.694497 0.1536314 0.8370451 2.820914 -0.3185707 0.6271716 2.735608 0.1793362 0.6524144 2.857455 -0.3894936 0.3878534 2.652926 0.2011664 0.4863887 2.743794 -0.4054747 0.2985287 2.625301 0.2180761 0.4444321 2.660421 -0.04375916 0.6314132 2.748861 -0.0352483 0.5726622 2.718396 -0.1143473 0.4958777 2.688849 0.03691456 0.4922162 2.734268 -0.1091259 0.03972816 2.344479 0.0232775 0.06341634 2.717481 -0.2014405 -0.3849773 2.340131 -0.0795139 -0.3504161 2.507524 -0.2130769 -0.30694 2.378278 -0.1077164 -0.313081 2.599398
0.02283817 1.137739 2.707426 -0.01939189 0.9392323 2.751274 -0.1838442 0.8484172 2.709898 0.1514851 0.8372688 2.825576 -0.3139997 0.6241108 2.749132 0.179625 0.6512073 2.860818 -0.3868877 0.380952 2.690797 0.1962352 0.4850438 2.743424 -0.4088272 0.2953729 2.657298 0.2127945 0.4429376 2.660477 -0.04770539 0.6248286 2.753835 -0.04102144 0.56471 2.720718 -0.1202849 0.4898808 2.691375 0.02943705 0.4847699 2.733031 -0.1396159 0.03224299 2.375427 0.002528582 0.0165404 2.69425 -0.2136011 -0.3602708 2.355495 -0.08950467 -0.3532882 2.515135 -0.2394161 -0.3242332 2.448136 -0.1153197 -0.3172505 2.607775
-0.1008806 1.152656 2.787531 -0.06751283 0.9481845 2.823066 -0.2549185 0.8551468 2.845449 0.1061084 0.8577323 2.83621 -0.3191593 0.6343706 2.882006 0.1651905 0.6517022 2.870732 -0.3820176 0.401708 2.747458 0.1241662 0.4455209 2.69864 -0.4152145 0.3134983 2.685728 0.1030784 0.3816557 2.626346 -0.09744154 0.6013315 2.805831 -0.1049312 0.5427052 2.75434 -0.189348 0.4667351 2.743535 -0.03668575 0.460955 2.734959 -0.2720103 -0.02659503 2.62503 -0.05995049 -0.00186076 2.650668 -0.3439188 -0.4161123 2.563567 -0.1225327 -0.3444849 2.520831 -0.3003253 -0.3454093 2.592859 -0.1154883 -0.3146351 2.619806
-0.1355625 1.150675 2.827791 -0.1054652 0.9472983 2.86425 -0.3015961 0.8396009 2.865555 0.05487274 0.8390501 2.871838 -0.3715042 0.6310127 2.873851 0.1067613 0.6413264 2.925579 -0.4354835 0.44054 2.718721 0.1293004 0.4905272 2.785376 -0.4629463 0.366978 2.644633 0.1281461 0.3980758 2.609701 -0.1275319 0.5867409 2.835604 -0.1311513 0.5272732 2.778988 -0.2146506 0.4493055 2.760733 -0.05753102 0.44868 2.761536 -0.2814012 -0.01133434 2.679683 -0.007317423 0.04067846 2.547989 -0.3531488 -0.404155 2.599835 -0.05688611 -0.2850445 2.416153 -0.309637 -0.3376774 2.635573 -0.05381685 -0.2561866 2.514452
-0.133474 1.149971 2.851547 -0.1031938 0.9453362 2.883595 -0.2966287 0.8317176 2.877496 0.05992498 0.8318071 2.888598 -0.4455174 0.6422965 2.834714 0.177883 0.6432253 2.870623 -0.6512752 0.5536519 2.677966 0.3365853 0.5392504 2.670778 -0.7438864 0.5314945 2.640112 0.4402759 0.5074143 2.587816 -0.1284544 0.578285 2.855735 -0.1315221 0.5180893 2.797162 -0.2161468 0.4402346 2.779778 -0.05626735 0.4388581 2.779577 -0.2782125 -0.01419491 2.688993 -0.02060623 0.02221981 2.634397 -0.3572609 -0.4098656 2.605106 -0.05136279 -0.3113116 2.484364 -0.3172413 -0.3397901 2.63813 -0.04948496 -0.2822973 2.582738
-0.1082893 1.165253 2.891965 -0.08232823 0.9578408 2.91955 -0.2844999 0.8696421 2.924888 0.08680409 0.8395151 2.89564 -0.4994783 0.8216954 2.861933 0.3084803 0.7810239 2.745858 -0.708863 0.9787759 2.788201 0.4794195 0.9040378 2.565517 -0.7837066 1.045978 2.806808 0.5497871 0.9669793 2.535709 -0.1017781 0.5940239 2.872622 -0.1086558 0.5385588 2.81034 -0.1949056 0.4597901 2.789907 -0.03243508 0.4552435 2.785081 -0.2584301 -0.01912561 2.692234 -0.02375439 0.02164559 2.706496 -0.3197246 -0.3633953 2.539001 -0.05499106 -0.3083982 2.547311 -0.309685 -0.3363527 2.63792 -0.04495145 -0.2813556 2.64623
-0.09202317 1.152293 2.912889 -0.06069289 0.9643249 2.942047 -0.2719598 0.8869355 2.939219 0.09549259 0.8556853 2.900523 -0.455653 0.8871427 2.847169 0.2448613 0.8705111 2.74924 -0.5024737 1.055855 2.74787 0.2600805 0.9921969 2.584038 -0.5023981 1.124051 2.722559 0.2523916 1.054839 2.547869 -0.09362153 0.5986763 2.875531 -0.1032705 0.5459402 2.810208 -0.1891163 0.4673852 2.790856 -0.03112113 0.4662863 2.773638 -0.2506753 -0.0175591 2.688255 -0.02482341 0.02240858 2.704023 -0.3178762 -0.360183 2.540758 -0.05543965 -0.3060427 2.547487 -0.305767 -0.3345072 2.638762 -0.04333048 -0.2803669 2.645491
-0.08535592 1.138541 2.920761 -0.05853888 0.9632128 2.943992 -0.2641756 0.8953112 2.929237 0.09562513 0.8635592 2.903047 -0.4013996 0.9850857 2.802101 0.2055953 0.9520314 2.735672 -0.3505326 1.165923 2.62653 0.114937 1.114343 2.561929 -0.3258434 1.221143 2.578229 0.0800125 1.164662 2.5146 -0.09360521 0.5982389 2.873455 -0.102192 0.5464195 2.806096 -0.1884339 0.4701055 2.788268 -0.03162285 0.4681862 2.766683 -0.247798 -0.01670758 2.687034 -0.0310962 0.03190243 2.68768 -0.312807 -0.3579614 2.54534 -0.05406632 -0.3080132 2.537461 -0.3038355 -0.3326412 2.642047 -0.04509478 -0.2826929 2.634168
-0.08192693 1.133188 2.922364 -0.06187418 0.9627151 2.944387 -0.2572437 0.9068085 2.921894 0.09527428 0.8739513 2.904916 -0.3966308 0.9985584 2.798779 0.2158517 0.9845641 2.749955 -0.3589174 1.1679 2.610469 0.1343333 1.144914 2.579823 -0.339116 1.219588 2.557275 0.1042921 1.195733 2.530749 -0.09559228 0.599852 2.873486 -0.1028941 0.5487133 2.805717 -0.1886007 0.4758438 2.786319 -0.03225512 0.4713164 2.767651 -0.246961 -0.01259046 2.688384 -0.03147155 0.03626854 2.692561 -0.3105098 -0.3568088 2.549491 -0.05078199 -0.3075452 2.537122 -0.3038896 -0.3314862 2.645759 -0.04416179 -0.2822226 2.63339
-0.08066863 1.1282 2.91959 -0.06723391 0.9628642 2.941638 -0.2630007 0.9058211 2.921471 0.1000759 0.8763636 2.905167 -0.4483061 0.976715 2.836231 0.2649011 0.9355583 2.81221 -0.5059205 1.120651 2.71769 0.3071257 1.061976 2.667087 -0.5063545 1.185532 2.690443 0.2645944 1.105462 2.631701 -0.09727509 0.6024531 2.874032 -0.1044407 0.5514717 2.806317 -0.1912109 0.4763477 2.787479 -0.03237078 0.4724312 2.76797 -0.2466255 -0.01076543 2.688627 -0.03356773 0.04048818 2.697906 -0.3118821 -0.3560672 2.552523 -0.05187423 -0.3085366 2.539724 -0.3051947 -0.3308456 2.648219 -0.0451868 -0.2833151 2.63542
-0.0894876 1.125119 2.909382 -0.06883498 0.9649458 2.931069 -0.2748132 0.8992409 2.926673 0.1029208 0.8778371 2.903753 -0.515524 0.8891524 2.88348 0.3050006 0.8746321 2.810447 -0.703909 1.023973 2.767784 0.4495428 0.967145 2.663033 -0.7420332 1.072446 2.735965 0.4849207 1.024116 2.612801 -0.0963416 0.6056814 2.872074 -0.104516 0.554149 2.805217 -0.192886 0.4747716 2.787926 -0.0305534 0.4729751 2.765803 -0.2469116 -0.00947505 2.687567 -0.03108014 0.04725981 2.700376 -0.3138934 -0.3556837 2.554069 -0.05356342 -0.3073439 2.542013 -0.3051252 -0.3304314 2.649382 -0.04479522 -0.2820916 2.637326
-0.09878285 1.123835 2.891956 -0.07333339 0.9636538 2.916132 -0.2796142 0.891327 2.928706 0.09913397 0.8725816 2.896335 -0.5176632 0.817749 2.909065 0.3366677 0.821385 2.793339 -0.7468821 0.8755205 2.850814 0.5296404 0.881483 2.652444 -0.822049 0.9245742 2.821574 0.6483853 0.9713459 2.61175 -0.09492032 0.6048524 2.865319 -0.1038362 0.5519878 2.79949 -0.1922911 0.4711042 2.783057 -0.02840134 0.4704697 2.76166 -0.2473722 -0.005417185 2.687564 -0.03041649 0.04832099 2.700177 -0.3166719 -0.3560316 2.555153 -0.05609697 -0.307413 2.542195 -0.3055583 -0.3305111 2.650533 -0.04498336 -0.2818925 2.637575
-0.1052347 1.122297 2.877547 -0.07627816 0.9622059 2.905024 -0.2796213 0.8825748 2.926576 0.1002638 0.8704926 2.893195 -0.4891891 0.7563699 2.932543 0.3135641 0.7394292 2.811656 -0.7412291 0.7114463 2.910659 0.5349085 0.7099268 2.689854 -0.8598087 0.7095224 2.929345 0.6298262 0.7177706 2.684881 -0.09437604 0.6035448 2.858631 -0.1030903 0.5499946 2.793606 -0.1910608 0.468062 2.7767 -0.02691972 0.468517 2.758562 -0.2471477 -0.003633573 2.68739 -0.02811198 0.04030613 2.696783 -0.3176907 -0.3556078 2.555859 -0.05682731 -0.3066745 2.541921 -0.305861 -0.3297629 2.651592 -0.04499763 -0.2808297 2.637654
-0.114441 1.116102 2.85301 -0.07945208 0.9606524 2.892018 -0.2780263 0.8724254 2.920819 0.08355863 0.8617498 2.875284 -0.4513281 0.6915666 2.959974 0.2381147 0.6676213 2.841279 -0.6440197 0.5288612 3.005807 0.4289762 0.5026739 2.76773 -0.7439573 0.459863 3.018744 0.5538225 0.417606 2.772446 -0.09488714 0.5943447 2.847006 -0.1051391 0.538426 2.7824 -0.1898726 0.4587465 2.769565 -0.03014887 0.4608369 2.749742 -0.2462759 -0.001851852 2.686124 -0.02637788 0.04249993 2.694522 -0.3207297 -0.3558524 2.556419 -0.06074456 -0.3063708 2.542667 -0.3055363 -0.3298914 2.652051 -0.04555112 -0.2804097 2.638299
-0.1201794 1.115987 2.843935 -0.08223805 0.9590126 2.882209 -0.2708119 0.8651568 2.911254 0.08006731 0.8637164 2.871099 -0.4037837 0.6630396 2.962725 0.2097706 0.6359444 2.847256 -0.5580495 0.4710633 3.038497 0.3402258 0.4085948 2.830034 -0.6328757 0.3853978 3.083283 0.3699653 0.3490217 2.854132 -0.09756559 0.5889502 2.841198 -0.1075103 0.5314687 2.776865 -0.1895836 0.4537162 2.766874 -0.03435694 0.4566935 2.744516 -0.2465108 -0.001011119 2.685006 -0.02521632 0.03385326 2.692041 -0.3215528 -0.3568968 2.555842 -0.06046046 -0.3065162 2.542669 -0.3067207 -0.3305389 2.651735 -0.04562829 -0.2801583 2.638561
-0.1206256 1.118367 2.845533 -0.08277071 0.9588011 2.879421 -0.2708979 0.8652859 2.911842 0.07297406 0.8639917 2.868734 -0.4179307 0.6637317 2.952028 0.2184458 0.643241 2.82228 -0.5992087 0.4815156 3.002653 0.3849087 0.4465333 2.746216 -0.6839971 0.4086894 3.025477 0.4688177 0.3585838 2.756067 -0.0972271 0.5871216 2.839311 -0.1076646 0.5291833 2.775062 -0.1887195 0.4519709 2.76505 -0.03524345 0.4559524 2.743605 -0.2456426 -3.716641E-4 2.68431 -0.02458992 0.04126314 2.692878 -0.3227189 -0.3572884 2.556364 -0.06129259 -0.3058405 2.54356 -0.30696 -0.3309121 2.652062 -0.0455337 -0.2794642 2.639258
-0.1233267 1.123513 2.858113 -0.08821978 0.9599419 2.887851 -0.2773674 0.8679259 2.919554 0.07621188 0.8630865 2.872267 -0.4693668 0.7084844 2.907634 0.2690494 0.6919534 2.775985 -0.7139719 0.6060392 2.864261 0.4780973 0.5987185 2.624825 -0.8050845 0.5891312 2.889734 0.5794452 0.5778457 2.610352 -0.09861263 0.5877545 2.842901 -0.1086216 0.5306967 2.778256 -0.1896633 0.4519817 2.766354 -0.03508206 0.4562272 2.746471 -0.2455953 -6.143602E-4 2.6843102 -0.02434032 0.0433755 2.695727 -0.322641 -0.3568826 2.556468 -0.06234071 -0.3063107 2.5439 -0.3063225 -0.3307315 2.652345 -0.04602219 -0.2801597 2.639778
-0.1246802 1.13184 2.884042 -0.09114617 0.9642867 2.907717 -0.2819064 0.8747706 2.927643 0.07792369 0.8670137 2.882286 -0.4773851 0.7782493 2.876754 0.2882732 0.7771541 2.741773 -0.7245631 0.8173055 2.769825 0.4714323 0.8367971 2.542999 -0.8166232 0.8423512 2.77801 0.5435376 0.8704291 2.5062 -0.0991065 0.5897309 2.851467 -0.1079392 0.5338377 2.785033 -0.1896233 0.4540396 2.769743 -0.03285222 0.4579031 2.75159 -0.2460989 -0.003676979 2.685294 -0.02503559 0.04113038 2.698811 -0.3218938 -0.356088 2.556689 -0.06125715 -0.305462 2.544319 -0.3063222 -0.3304402 2.652879 -0.04568548 -0.2798142 2.64051
-0.1236874 1.133811 2.893462 -0.09368504 0.9654895 2.919362 -0.2849432 0.8794386 2.932405 0.07283015 0.8678743 2.885144 -0.5160472 0.8340309 2.835167 0.2884902 0.8399556 2.732699 -0.6851943 0.9750431 2.669269 0.3673538 0.9445891 2.570553 -0.7222146 1.030217 2.644623 0.3875496 0.9916799 2.526498 -0.1002548 0.5900432 2.857013 -0.1088115 0.5349047 2.78956 -0.1900552 0.4552448 2.774822 -0.0334577 0.4590979 2.753697 -0.2466417 -0.002665989 2.686314 -0.02470909 0.03904453 2.698928 -0.3218624 -0.3562767 2.557008 -0.06051866 -0.3054241 2.544947 -0.3060008 -0.3308716 2.653362 -0.04465711 -0.280019 2.6413
-0.1172737 1.130124 2.901076 -0.0936228 0.9636903 2.927099 -0.2886871 0.8820837 2.931491 0.07800892 0.8773816 2.8969 -0.4727762 0.883353 2.833366 0.2537783 0.8816133 2.7809 -0.5261562 1.01099 2.679373 0.2843552 1.001292 2.613653 -0.528185 1.063776 2.633014 0.2583735 1.059613 2.58427 -0.1018523 0.5939052 2.866366 -0.1088786 0.5402659 2.798929 -0.1922401 0.4578322 2.784702 -0.03191284 0.4631565 2.759355 -0.2471938 -0.00411341 2.688045 -0.02713919 0.03590167 2.699711 -0.3191121 -0.3570993 2.557836 -0.05835859 -0.3068631 2.544398 -0.305968 -0.3316165 2.654349 -0.04521451 -0.2813803 2.640911
-0.1068347 1.12849 2.905645 -0.0914744 0.9631874 2.931053 -0.2869393 0.8917429 2.91154 0.077207 0.8807274 2.899202 -0.4399281 0.967254 2.788058 0.2311533 0.9593775 2.757114 -0.4137496 1.14767 2.598656 0.1943551 1.134616 2.571619 -0.3960241 1.203366 2.545868 0.1764211 1.190133 2.518713 -0.1059418 0.5939111 2.87118 -0.1102995 0.5401852 2.803502 -0.194601 0.4588633 2.788456 -0.03349947 0.4633688 2.767071 -0.2470381 -0.005958117 2.690817 -0.02982157 0.03143273 2.700144 -0.3136717 -0.3576509 2.558755 -0.05423713 -0.3095832 2.545602 -0.3063557 -0.3318133 2.655544 -0.04692119 -0.2837456 2.642391
-0.1009159 1.125316 2.903249 -0.0896265 0.9629747 2.93174 -0.2745825 0.9030257 2.894473 0.07916973 0.8851296 2.898056 -0.414961 1.006873 2.779728 0.2193592 0.9870883 2.763609 -0.6046164 1.147173 2.648086 0.1545914 1.155769 2.580016 -0.6653749 1.19212 2.610447 0.1271159 1.207715 2.528014 -0.1078483 0.5942893 2.870875 -0.1097763 0.540773 2.802866 -0.193191 0.4642591 2.78184 -0.03301709 0.4645008 2.769081 -0.2462191 -0.004482699 2.692095 -0.03197892 0.02958564 2.700752 -0.3096893 -0.3575592 2.559407 -0.04950522 -0.3097741 2.54614 -0.3068454 -0.3314721 2.656114 -0.04666125 -0.283687 2.642847
-0.09526306 1.118497 2.891916 -0.08675339 0.9626814 2.93054 -0.270563 0.9040424 2.890208 0.08286452 0.887334 2.896835 -0.4210227 1.008737 2.782282 0.2376973 0.9731826 2.781312 -0.6184312 1.1461 2.662977 0.2686541 1.139167 2.575565 -0.6774661 1.187178 2.631532 0.2709661 1.190055 2.516238 -0.1071709 0.5943167 2.869799 -0.108957 0.5408854 2.801693 -0.1923076 0.4653461 2.779135 -0.03262303 0.4645685 2.769704 -0.2462798 -0.003710691 2.692017 -0.03193745 0.02931382 2.700921 -0.3089323 -0.3569775 2.559425 -0.04928833 -0.3105074 2.546442 -0.3067523 -0.3308928 2.655918 -0.04710825 -0.2844227 2.642936
-0.0932061 1.11745 2.881603 -0.08500589 0.9634382 2.920241 -0.2737545 0.9021794 2.891134 0.09319922 0.8880988 2.896409 -0.4593141 0.9604079 2.812858 0.2785928 0.9202008 2.798154 -0.5595422 1.066229 2.671607 0.3583033 1.033347 2.648939 -0.5742058 1.118149 2.627537 0.3705918 1.082739 2.601375 -0.1056616 0.598326 2.869547 -0.107937 0.544511 2.802172 -0.1936846 0.4665163 2.780942 -0.03005866 0.4657347 2.770566 -0.2460227 -0.00462616 2.691904 -0.03003511 0.04168222 2.703105 -0.3096349 -0.3567048 2.559435 -0.04911385 -0.3096233 2.546063 -0.3068927 -0.3303598 2.655691 -0.04637162 -0.2832782 2.642319
-0.09440672 1.116907 2.870376 -0.08145708 0.9644138 2.909969 -0.2785499 0.8968626 2.895093 0.09655701 0.8881007 2.895056 -0.4884855 0.8858863 2.832185 0.2969119 0.8715276 2.797052 -0.6310097 0.9914107 2.677776 0.4290139 0.9646991 2.64511 -0.6637848 1.034326 2.624161 0.4678605 1.018748 2.603219 -0.1037357 0.6016049 2.868486 -0.1074285 0.5469583 2.802146 -0.1951394 0.4670728 2.783686 -0.02885622 0.4663057 2.77053 -0.2462835 -0.005291577 2.691878 -0.02953276 0.03959752 2.702847 -0.3112267 -0.3569803 2.559698 -0.05034406 -0.3104559 2.545856 -0.3069049 -0.3303616 2.655732 -0.04602223 -0.2838372 2.641889
-0.09973651 1.120591 2.861207 -0.08275661 0.964416 2.895761 -0.2826397 0.8852746 2.896811 0.09604853 0.8835107 2.886087 -0.4917589 0.7542354 2.85277 0.3222226 0.7785026 2.7771 -0.722832 0.7262859 2.717786 0.5263411 0.7818547 2.637356 -0.8078147 0.742368 2.680249 0.6161346 0.8092247 2.628537 -0.09850252 0.6007144 2.858668 -0.1033995 0.5449714 2.793748 -0.1917066 0.4629677 2.776856 -0.02306348 0.4636075 2.763663 -0.2462806 -0.002708591 2.691814 -0.02597606 0.05136045 2.702168 -0.3144781 -0.3572306 2.560264 -0.05215855 -0.3091667 2.545786 -0.307259 -0.3304223 2.656423 -0.04493941 -0.2823583 2.641946
-0.1511058 1.11197 2.832413 -0.09578905 0.9613365 2.865408 -0.2685308 0.8527125 2.909926 0.06636864 0.8685565 2.830062 -0.2958814 0.6127732 2.993756 0.1940674 0.6351641 2.800295 -0.3807112 0.3608947 2.967592 0.3230091 0.4048996 2.752437 -0.4325036 0.2815721 2.95785 0.3916495 0.3013316 2.747379 -0.09782074 0.583828 2.837976 -0.1134312 0.5222792 2.776401 -0.1930543 0.4373205 2.781926 -0.04224511 0.4496752 2.734492 -0.2487251 -0.01034018 2.694 -0.02326681 0.02509719 2.681055 -0.3362938 -0.3583355 2.564102 -0.07248826 -0.3097649 2.543718 -0.3101859 -0.3312027 2.657577 -0.04638039 -0.2826321 2.637193
-0.1681253 1.111123 2.830096 -0.1035758 0.9636236 2.862582 -0.2633538 0.8498789 2.929262 0.03143148 0.8630802 2.796759 -0.2797535 0.6733434 2.987336 0.1484594 0.6241624 2.78535 -0.3424806 0.4146682 2.95903 0.25608 0.3814358 2.747746 -0.3595725 0.3477145 2.970741 0.27984 0.3156525 2.752229 -0.09104393 0.5809689 2.83289 -0.1148496 0.5171553 2.774198 -0.1878905 0.4317605 2.784562 -0.04715684 0.4481713 2.727952 -0.2493413 -0.01196452 2.694928 -0.02652913 0.02535918 2.668754 -0.353316 -0.3569797 2.565129 -0.08982956 -0.3133279 2.540303 -0.31181 -0.3296806 2.652731 -0.04832359 -0.2860288 2.627906
-0.2203724 1.100119 2.83785 -0.1409246 0.9584748 2.863089 -0.2341253 0.7976667 2.914604 -0.01897318 0.8420787 2.758269 -0.2558996 0.6351599 2.996447 0.1101098 0.6210439 2.666735 -0.2542224 0.4074635 2.843075 0.1643077 0.4660577 2.50141 -0.2706078 0.2297024 2.787514 0.2096353 0.3666077 2.40629 -0.07872323 0.5424358 2.822557 -0.1021464 0.4649563 2.767057 -0.1497309 0.3843762 2.79622 -0.04122918 0.4184872 2.708034 -0.2322753 -0.02047859 2.69488 -0.03383529 0.005434399 2.642197 -0.3634974 -0.3612212 2.559777 -0.1165953 -0.3223033 2.535054 -0.3060625 -0.3306976 2.636383 -0.05916044 -0.2917797 2.61166
-0.2430393 1.057079 2.838868 -0.1641753 0.9189509 2.867973 -0.2483995 0.7814544 2.961456 -0.05751891 0.8073656 2.741387 -0.2436383 0.5296341 3.019663 -0.05765971 0.7390317 2.492573 -0.2946421 0.2919621 2.89723 -0.03275544 0.6570065 2.276488 -0.3545466 0.2565885 2.89897 -0.05788504 0.6296698 2.124616 -0.07917911 0.5185505 2.837577 -0.1100336 0.4409478 2.795758 -0.1461224 0.3529908 2.839099 -0.05967755 0.3899718 2.731986 -0.2260462 -0.02653719 2.67505 -0.02548437 -0.01126277 2.649844 -0.3673029 -0.3652005 2.545548 -0.1166077 -0.3275559 2.557926 -0.2977062 -0.3301207 2.608142 -0.04701099 -0.2924762 2.62052
-0.1763638 1.097901 2.823597 -0.1172869 0.9495554 2.851732 -0.2703971 0.8658977 2.937889 0.02439622 0.8684736 2.749042 -0.3405207 0.625999 2.971613 0.06454065 0.707761 2.614995 -0.5179656 0.6014423 2.785554 -0.1126041 0.6871845 2.517558 -0.5617867 0.6041815 2.72352 -0.205234 0.6994722 2.507428 -0.08138998 0.5679404 2.852466 -0.1073438 0.5001625 2.803825 -0.1764077 0.4165614 2.834787 -0.03878445 0.4338812 2.750118 -0.2350384 0.005093915 2.704818 -0.01134137 0.02412438 2.700333 -0.3440579 -0.3925009 2.595184 -0.08635561 -0.3134347 2.556019 -0.2958381 -0.3275107 2.621074 -0.03516047 -0.2819947 2.63591
-0.1331944 1.097174 2.789807 -0.1044769 0.9489937 2.837655 -0.3121171 0.8718649 2.862029 0.06477208 0.844506 2.830956 -0.5007934 0.8008206 2.807579 0.1067979 0.6232018 2.850197 -0.5833046 0.9439045 2.667629 0.07832222 0.4106552 2.721005 -0.5918766 1.009322 2.601373 0.0749559 0.3326097 2.669622 -0.119029 0.5852579 2.844008 -0.1267689 0.5228592 2.786573 -0.2216693 0.4420512 2.775269 -0.04579969 0.4377322 2.764284 -0.2761338 0.005332152 2.697968 -0.03300954 0.02961022 2.692861 -0.3227152 -0.3618161 2.55199 -0.05710695 -0.3156819 2.540283 -0.31231 -0.3315317 2.646727 -0.04670184 -0.2853975 2.63502
-0.120598 1.009299 2.700448 -0.1717442 0.8947001 2.801877 -0.326258 0.8046099 2.715714 0.015844 0.8448739 2.917156 -0.4546857 0.6674014 2.611625 0.1992671 0.7599508 2.934095 -0.4044702 0.5197278 2.479396 0.2960041 0.96121 2.790832 -0.3041452 0.4419925 2.380127 0.3042141 1.011777 2.753594 -0.1967947 0.5580496 2.825688 -0.1748243 0.4935704 2.786897 -0.2580394 0.414068 2.753301 -0.09418863 0.4069943 2.807816 -0.3082395 -0.002267965 2.658026 -0.0605181 -0.001350159 2.545782 -0.3700823 -0.405433 2.611564 -0.05816263 -0.3775144 2.47796 -0.3312895 -0.3346049 2.638369 -0.09882821 -0.3398123 2.561301
-0.1185388 1.025075 2.673063 -0.1743837 0.9238868 2.76402 -0.321383 0.813486 2.703058 0.009093281 0.8679662 2.866911 -0.3978286 0.621523 2.730233 0.1880388 0.8304826 2.771956 -0.1973622 0.488292 2.608582 0.1512811 1.015728 2.709824 -0.1518964 0.4625251 2.562637 0.139357 1.0729 2.707319 -0.1819967 0.5729504 2.801163 -0.1684172 0.5032962 2.779908 -0.2474964 0.4210396 2.7436 -0.08659007 0.421915 2.813878 -0.2971179 0.01205583 2.662315 -0.09849689 0.01940014 2.568422 -0.3584038 -0.3869405 2.604197 -0.1322699 -0.3653487 2.492902 -0.2872793 -0.340241 2.605655 -0.1676257 -0.3256915 2.577756
-0.160095 1.013246 2.658548 -0.151399 0.9085063 2.771959 -0.3365623 0.8125044 2.782862 0.01728748 0.8257893 2.756083 -0.3682482 0.5971856 2.732743 0.06169008 0.635423 2.671685 -0.1916535 0.674122 2.561993 0.01632399 0.6498806 2.399138 -0.1543486 0.6938081 2.537379 0.01621195 0.7118953 2.367965 -0.1576394 0.5608953 2.785298 -0.1601836 0.4917012 2.772314 -0.2466258 0.4087945 2.772837 -0.07396011 0.4084672 2.762138 -0.281354 0.001371794 2.680142 -0.09203261 -0.002209404 2.55504 -0.343143 -0.392588 2.636812 -0.08531751 -0.4109778 2.546598 -0.2884576 -0.3306586 2.656588 -0.08200344 -0.3331624 2.512677
-0.1844862 1.005151 2.658715 -0.1094977 0.8910751 2.735143 -0.2398381 0.8087815 2.834601 0.02102715 0.7863865 2.661118 -0.2460527 0.5656827 2.706286 0.1174093 0.5835077 2.669668 -0.2490273 0.554091 2.429331 -0.0612835 0.4899047 2.534603 -0.2542266 0.5481483 2.395743 -0.1132222 0.4721633 2.491936 -0.1038819 0.5260941 2.758 -0.1118082 0.4530578 2.750689 -0.1728172 0.3760653 2.796761 -0.04656884 0.3812621 2.709708 -0.2724227 -0.01197042 2.690599 -0.09007721 -0.02814178 2.567054 -0.3422927 -0.3647835 2.544136 -0.1243951 -0.3758924 2.43235 -0.2908817 -0.3283955 2.621724 -0.07298414 -0.3395043 2.509938
-0.138261 0.9980708 2.633196 -0.04468278 0.879811 2.697997 -0.1760331 0.799251 2.934298 0.06317469 0.7705555 2.57291 -0.1551455 0.6090336 2.94052 0.07592267 0.5736284 2.424583 -0.1873282 0.545846 2.741981 -0.09704621 0.6207029 2.218492 -0.2056584 0.4832774 2.718091 -0.1507954 0.6616007 2.154319 -0.04242531 0.4935545 2.763984 -0.05358291 0.4163147 2.77277 -0.1284341 0.3574992 2.802316 0.03110313 0.3632214 2.760243 -0.3319668 0.03512058 2.748824 -0.04364371 -0.02788703 2.580427 -0.2758022 -0.3208457 2.623274 -0.1322043 -0.3814929 2.521825 -0.2005624 -0.2810119 2.675732 -0.05696444 -0.3416591 2.574284
-0.04664158 1.013698 2.657402 0.05399944 0.9097676 2.725087 -0.1043778 0.8326387 2.87783 0.1612322 0.7833365 2.642277 -0.2099531 0.6271425 2.88226 0.2581019 0.5532894 2.626624 -0.3212859 0.5765767 2.718191 0.06635147 0.5848117 2.505222 -0.3544867 0.5621435 2.609566 0.002058492 0.5914304 2.475066 0.005547819 0.5516263 2.744883 -0.009881553 0.4808243 2.745103 -0.07631007 0.4019309 2.800038 0.03904758 0.4030854 2.693688 -0.2109409 -0.00888135 2.767645 -0.02244153 -0.003379717 2.562082 -0.184128 -0.3021255 2.664438 -0.03080793 -0.3904845 2.551634 -0.1232136 -0.2699199 2.736423 -0.004474417 -0.3110636 2.564791
0.05795647 0.9891722 2.658698 0.1110948 0.8529629 2.741742 -0.06527351 0.7962403 2.800859 0.2425168 0.7249032 2.672436 -0.1473837 0.5819703 2.714499 0.3035627 0.5449224 2.61205 -0.09142847 0.6152869 2.478889 0.2386625 0.3509494 2.440763 -0.07468773 0.6252546 2.412534 0.1942406 0.3034192 2.37352 0.02944277 0.5014162 2.769936 0.01170774 0.4313489 2.773986 -0.0835871 0.3727102 2.805995 0.07357122 0.3407006 2.749265 -0.2833136 0.03292866 2.744119 0.01320547 -0.02767906 2.654732 -0.2105957 -0.3527417 2.682701 -0.05317649 -0.3831999 2.644312 -0.1744407 -0.3188324 2.768775 0.002251882 -0.3104551 2.607257
0.1290518 0.9777831 2.603369 0.1555207 0.8500018 2.705203 -0.02608665 0.8186414 2.775255 0.279435 0.6997143 2.660846 -0.1261058 0.724134 2.97006 0.3797782 0.541106 2.589089 -0.3081369 0.5523586 3.020604 0.2557241 0.623208 2.360821 -0.3630854 0.4828994 3.006736 0.2176822 0.6578658 2.299098 0.0558787 0.5249807 2.772182 0.03501004 0.458901 2.786593 -0.06393898 0.4116402 2.823082 0.09054223 0.3658701 2.776583 -0.3935367 0.1260521 2.760684 0.005722545 0.00130254 2.688314 -0.5266014 -0.2646458 2.723217 -0.04529537 -0.3397959 2.573647 -0.4922651 -0.2262531 2.807207 -0.01095904 -0.3014033 2.657638
-0.01781582 1.022468 2.662614 0.06782656 0.9111253 2.723376 -0.07029817 0.815281 2.884781 0.1436156 0.7667769 2.626281 -0.1679291 0.6361021 2.909254 0.2394658 0.5743721 2.601928 -0.2938451 0.6931791 2.746838 0.1861013 0.4040877 2.515405 -0.3628406 0.7264168 2.654185 0.1650735 0.3572125 2.468971 0.01173791 0.5322805 2.742991 -0.001216066 0.4578969 2.747141 -0.07210647 0.3860353 2.809466 0.0459045 0.3857077 2.679202 -0.3932751 0.09638792 2.758423 -0.03329042 0.007607012 2.620836 -0.499891 -0.3191174 2.601584 -0.0754355 -0.3949819 2.598215 -0.4101716 -0.2685139 2.647399 -0.03791565 -0.3208428 2.604453
-0.1084567 1.062449 2.699508 -0.03394059 0.9191637 2.722566 -0.1668571 0.8058071 2.894993 0.07961339 0.8288193 2.602981 -0.1767382 0.6201363 2.919081 0.1051309 0.6533993 2.384574 -0.1541036 0.4236425 2.808415 0.0195604 0.6377367 2.198731 -0.1754365 0.394659 2.749314 -0.04841359 0.6412712 2.047228 -0.057861 0.5283434 2.743829 -0.06490964 0.448783 2.750208 -0.1241404 0.3681082 2.807858 -0.01308943 0.3792924 2.69715 -0.2763363 -0.005222369 2.642712 -0.02244481 -0.001529274 2.603972 -0.3595601 -0.368705 2.627198 -0.08867043 -0.3902972 2.590596 -0.290843 -0.3343545 2.687569 -0.04357421 -0.3209213 2.597724
-0.21835 1.067997 2.711072 -0.1247134 0.9540763 2.76214 -0.2822965 0.846 2.850968 0.01100454 0.8777773 2.697534 -0.3972992 0.6739257 2.85149 0.1129245 0.6603567 2.67775 -0.5629769 0.5743644 2.745798 -0.05258925 0.503054 2.538471 -0.6544268 0.5342291 2.633225 -0.1036366 0.4620812 2.516116 -0.116937 0.5809831 2.756122 -0.1210085 0.5073043 2.747912 -0.1848811 0.4234474 2.784696 -0.05766081 0.4356178 2.699075 -0.2752199 -0.002060882 2.69066 -0.03911091 0.007331897 2.58691 -0.3537138 -0.3608809 2.588318 -0.1019184 -0.3576904 2.486144 -0.3102797 -0.3277861 2.669294 -0.05848425 -0.3245956 2.567119
-0.2479357 1.049746 2.66399 -0.1821766 0.9396081 2.741602 -0.3838106 0.8263478 2.762846 -0.01710766 0.8733143 2.763189 -0.4652271 0.6578162 2.842542 0.1160973 0.7349665 2.741686 -0.5318941 0.4181665 2.753336 0.1929567 0.6355656 2.500375 -0.5510334 0.3491729 2.693337 0.2548516 0.6205891 2.330141 -0.1722421 0.5863307 2.758875 -0.1706043 0.5159581 2.746635 -0.2567221 0.4251477 2.745302 -0.08132577 0.4416824 2.744982 -0.3119762 0.008527344 2.680298 -0.02908648 0.04373981 2.518067 -0.3412791 -0.3914025 2.67658 -0.1670374 -0.3731982 2.500218 -0.2882106 -0.3471764 2.63056 -0.1074456 -0.3154224 2.499322
-0.2724459 1.02805 2.599905 -0.2313325 0.9293495 2.698153 -0.4045665 0.8231603 2.704448 -0.05794774 0.8707401 2.723451 -0.4363856 0.6382374 2.715636 0.07680663 0.7538728 2.766124 -0.4422085 0.5284418 2.545151 0.1182889 0.6397418 2.532332 -0.4119336 0.557155 2.407391 0.1384168 0.5701777 2.427022 -0.205481 0.5809885 2.737425 -0.2004181 0.5106665 2.738817 -0.2815436 0.4237246 2.737501 -0.1093435 0.4404706 2.747716 -0.3392109 0.05103776 2.677406 -0.1407504 0.07625113 2.525267 -0.3571735 -0.3599306 2.570168 -0.1789762 -0.3028485 2.325143 -0.3592091 -0.3204334 2.658994 -0.1810118 -0.2633512 2.41397
-0.2912589 1.024855 2.570931 -0.2319336 0.9558536 2.68079 -0.3885984 0.8360628 2.686764 -0.05851002 0.8750242 2.660023 -0.4277811 0.6625298 2.59031 0.04796777 0.6958123 2.752082 -0.5022852 0.6157828 2.333602 -0.007361893 0.5271595 2.565253 -0.5322015 0.6173985 2.251961 -0.02377406 0.5057333 2.501825 -0.2014734 0.5846446 2.683203 -0.1961727 0.5095482 2.678281 -0.2795884 0.4283183 2.681739 -0.1014168 0.4418477 2.66783 -0.2785202 0.05398482 2.604228 -0.1665344 0.07486963 2.508449 -0.3710059 -0.3415589 2.567924 -0.2665296 -0.3279675 2.392596 -0.360356 -0.3068388 2.658161 -0.200279 -0.2906288 2.425042
-0.268795 1.026328 2.5515 -0.1786374 0.9421077 2.636962 -0.3754606 0.8566915 2.719606 -0.02764681 0.8448875 2.582529 -0.3960291 0.6787894 2.75842 0.06478859 0.6742579 2.436851 -0.384412 0.5569679 2.517515 0.1485311 0.5780079 2.198828 -0.4169025 0.5442917 2.458127 0.1917713 0.5517221 2.109583 -0.19001 0.5731885 2.641863 -0.1969618 0.4995244 2.631841 -0.2864231 0.4172785 2.650611 -0.1138138 0.4207491 2.600912 -0.391313 0.01317471 2.539218 -0.1302175 0.02573256 2.468133 -0.4026291 -0.350859 2.511943 -0.2230599 -0.3342024 2.331894 -0.368044 -0.3179256 2.596745 -0.1884748 -0.3012691 2.416697
-0.2227 1.019962 2.523826 -0.1601327 0.9264911 2.619576 -0.3221411 0.8470343 2.713125 -0.02049093 0.8174294 2.54046 -0.3509319 0.6602076 2.774109 0.1124741 0.688759 2.468358 -0.4604416 0.5781643 2.627913 0.08578444 0.5784175 2.223316 -0.4977293 0.5909444 2.560083 0.08745565 0.5294738 2.097983 -0.172709 0.5559066 2.614556 -0.1880318 0.4846028 2.593972 -0.2665874 0.4075781 2.626131 -0.1206266 0.4076439 2.546636 -0.4232169 0.04944812 2.447069 -0.1261766 -0.008511318 2.445314 -0.4291733 -0.3191564 2.487236 -0.223959 -0.3298112 2.321283 -0.3836802 -0.2887149 2.567706 -0.178466 -0.2993696 2.401753
-0.2073098 1.019376 2.512733 -0.1533955 0.9319759 2.616504 -0.3235491 0.8525734 2.702479 -0.008871132 0.8386346 2.565919 -0.4604505 0.7057381 2.68139 0.08961045 0.6610353 2.604507 -0.6597811 0.6004053 2.543517 0.02244612 0.5771524 2.433831 -0.7630142 0.5584188 2.463794 -0.03311405 0.5321108 2.335368 -0.1584659 0.5592594 2.617597 -0.174085 0.4888536 2.586298 -0.2522669 0.4142089 2.607359 -0.1002716 0.4140142 2.550034 -0.3686593 0.05875855 2.448961 -0.1271281 0.00704725 2.413092 -0.3305127 -0.3253086 2.529734 -0.2143467 -0.323925 2.307238 -0.3112968 -0.2453822 2.520623 -0.1769301 -0.2934507 2.391731
-0.2074616 1.010964 2.551248 -0.1666065 0.9173 2.656295 -0.348217 0.8408123 2.730876 -0.01664703 0.8314587 2.599497 -0.3714506 0.6550217 2.736167 0.1219481 0.7019718 2.578778 -0.2734911 0.6076391 2.520685 0.115478 0.5705711 2.344631 -0.2433803 0.5930746 2.458651 0.1176087 0.5047113 2.2105 -0.1677086 0.5622718 2.667824 -0.1814162 0.4941596 2.639586 -0.2633808 0.4136127 2.661719 -0.1039705 0.4163132 2.605503 -0.3060394 -0.006248006 2.518393 -0.1171047 -0.002845785 2.504306 -0.342424 -0.3746137 2.666779 -0.1766693 -0.3688858 2.395384 -0.3148422 -0.3184647 2.603769 -0.1435899 -0.3051349 2.435882
-0.2397566 1.016256 2.659333 -0.2209919 0.9037846 2.764395 -0.3940905 0.8045508 2.754675 -0.04751348 0.8378251 2.7384 -0.4435463 0.6275331 2.682153 0.114145 0.7025023 2.679586 -0.3485137 0.5314412 2.485813 0.03110613 0.8369458 2.491095 -0.2388155 0.4923022 2.382818 0.003481729 0.8738871 2.440554 -0.1990024 0.5552078 2.775319 -0.1973341 0.4902081 2.737446 -0.2759826 0.405292 2.732989 -0.1094487 0.4171545 2.726556 -0.3258023 0.03073865 2.686773 -0.124708 0.06543814 2.540648 -0.379919 -0.3744466 2.617475 -0.2015532 -0.3617596 2.3983 -0.3713947 -0.3426331 2.708642 -0.1575472 -0.2972009 2.424461
-0.2461105 1.026465 2.711726 -0.23374 0.903128 2.83327 -0.4020535 0.7867105 2.793138 -0.07536966 0.8449091 2.806084 -0.4143562 0.5984296 2.752236 0.04678401 0.829613 2.570412 -0.2502061 0.533008 2.670959 0.06071731 0.9048225 2.383718 -0.1651512 0.5224864 2.636134 0.0609521 0.9494553 2.331919 -0.2126997 0.5452108 2.845146 -0.20748 0.47853 2.803793 -0.2808889 0.397238 2.790034 -0.1248549 0.4115723 2.802722 -0.3332984 0.00410976 2.731077 -0.1209276 0.0660499 2.634048 -0.3572903 -0.3595198 2.623759 -0.2038218 -0.3466575 2.445944 -0.3553139 -0.3279034 2.714811 -0.1548294 -0.2815894 2.475027
-0.2534639 0.9591645 2.708609 -0.2497323 0.8687787 2.850883 -0.4157996 0.7664282 2.831665 -0.07826329 0.834914 2.849415 -0.4864513 0.5664788 2.761784 0.1070316 0.8497368 2.691011 -0.5157328 0.6216874 2.561783 0.07442537 1.035219 2.658674 -0.5074015 0.6885486 2.466608 0.03199177 1.114986 2.678143 -0.2185736 0.539977 2.885996 -0.2104425 0.4747297 2.861056 -0.2864749 0.3865225 2.857249 -0.1179356 0.4073096 2.868366 -0.3332872 0.01854149 2.770324 -0.0886343 0.06831921 2.687816 -0.3574021 -0.327404 2.637959 -0.2280068 -0.3362813 2.453597 -0.3581386 -0.2919702 2.727122 -0.1583243 -0.2599391 2.482445
-0.270763 0.9776837 2.753567 -0.2485758 0.8716066 2.870161 -0.4075207 0.7717628 2.842672 -0.1037215 0.8363326 2.86681 -0.445579 0.5937896 2.764292 0.0728429 0.8455821 2.655043 -0.3799452 0.4309612 2.680162 -0.03959399 0.8552037 2.411698 -0.3449244 0.3832322 2.646562 -0.09204419 0.8601934 2.333699 -0.2156848 0.5361316 2.901226 -0.2075153 0.4698358 2.891572 -0.2792016 0.3891968 2.886197 -0.121047 0.4080262 2.90317 -0.2548766 0.02831122 2.762329 -0.08860187 0.009536823 2.656733 -0.3266157 -0.2952971 2.624477 -0.1957589 -0.3055393 2.427301 -0.3672735 -0.2758519 2.72496 -0.1992054 -0.2689014 2.515711
-0.2834194 0.9188614 2.646464 -0.2786371 0.8256286 2.808733 -0.4126261 0.7447424 2.801401 -0.1014292 0.8806047 2.881234 -0.5217636 0.6034986 2.837384 0.09625617 1.031601 2.914684 -0.6485001 0.4786966 2.717496 0.05646182 1.088121 2.666404 -0.6924887 0.4456393 2.597298 0.0307825 1.069496 2.606109 -0.1988398 0.5368778 2.867193 -0.1804207 0.4780563 2.872622 -0.2429369 0.3865981 2.868178 -0.07576968 0.4221814 2.89633 -0.2133107 6.105264E-4 2.684059 -0.08036344 0.1094904 2.670367 -0.3329157 -0.3334213 2.648431 -0.1566493 -0.275176 2.429328 -0.3522768 -0.2936682 2.733024 -0.1760104 -0.2354229 2.513921
-0.2704826 0.9243588 2.639612 -0.2737166 0.8447218 2.78602 -0.4242159 0.7680854 2.788272 -0.1062222 0.8408331 2.798589 -0.5143882 0.6030968 2.709857 0.05467123 0.8484539 2.587748 -0.6053457 0.7323429 2.535717 -0.01320781 1.023975 2.594332 -0.6212654 0.7894068 2.514757 -0.03583416 1.082483 2.601027 -0.2034005 0.5442026 2.840056 -0.1914711 0.4825 2.846978 -0.2620342 0.3954095 2.846991 -0.09375498 0.4232658 2.859689 -0.2822043 0.03249949 2.72237 -0.1424543 0.07018553 2.662173 -0.34474 -0.3390281 2.640324 -0.2452044 -0.3492384 2.500813 -0.3465322 -0.297548 2.725887 -0.1882362 -0.2741641 2.512948
-0.2773089 1.014524 2.639497 -0.2260683 0.9077044 2.731544 -0.4016687 0.815523 2.765587 -0.07809159 0.8144651 2.680985 -0.4350248 0.6226774 2.623749 0.01325469 0.6359774 2.618173 -0.2628425 0.7085065 2.450552 -0.06563579 0.5331553 2.463269 -0.268147 0.7736461 2.432544 -0.1671309 0.4935783 2.333479 -0.2241314 0.5576366 2.757653 -0.2241831 0.4876812 2.763183 -0.3044178 0.4060465 2.793766 -0.1414137 0.4157583 2.732673 -0.3743165 0.03695422 2.739345 -0.1907433 0.06089523 2.57315 -0.424055 -0.3407312 2.623764 -0.2688961 -0.3502159 2.410975 -0.4002578 -0.3038855 2.707735 -0.2450989 -0.3133701 2.494947
-0.2402231 1.025781 2.588336 -0.1944232 0.9127741 2.677706 -0.3973251 0.8279892 2.752976 -0.0445452 0.8213108 2.62743 -0.4284372 0.5804908 2.784756 0.07227381 0.6190833 2.580887 -0.4581664 0.3854999 2.712092 -0.02332737 0.6417688 2.405601 -0.485912 0.3216712 2.652071 -0.06602621 0.6546243 2.333967 -0.2172793 0.5674796 2.694355 -0.2223875 0.4984193 2.699125 -0.3125545 0.4177966 2.728511 -0.1430334 0.4137015 2.671609 -0.3822554 -0.002887281 2.633621 -0.1942083 0.05652867 2.512096 -0.34292 -0.3301722 2.576106 -0.2767271 -0.3507156 2.385618 -0.3964215 -0.2966241 2.66505 -0.245844 -0.3162588 2.468421
-0.2302482 1.026993 2.559554 -0.1765611 0.915376 2.647751 -0.3547758 0.8379233 2.741816 -0.05431861 0.8040162 2.577761 -0.442417 0.6771538 2.895813 0.09067027 0.7289543 2.356431 -0.642012 0.6029478 2.905077 0.09878877 0.8336685 2.184663 -0.7145863 0.5971602 2.889551 0.09743482 0.8864869 2.142139 -0.2153395 0.5468905 2.648041 -0.2244684 0.4723507 2.646685 -0.3053922 0.4025849 2.675331 -0.1598238 0.3927137 2.610732 -0.4099149 -8.064184E-4 2.596832 -0.2029932 -0.01586276 2.475531 -0.3169828 -0.3268755 2.524154 -0.2824413 -0.3855659 2.405591 -0.3844535 -0.2801121 2.596151 -0.2512811 -0.3202895 2.44139
-0.2732659 1.006813 2.660734 -0.2085311 0.8445195 2.654729 -0.3568214 0.8103096 2.815095 -0.1188841 0.8155736 2.533955 -0.3867945 0.6837943 2.927304 -0.02409583 0.6436703 2.377 -0.4575559 0.8481033 2.849765 -0.1638983 0.6386684 2.234937 -0.4809907 0.907504 2.827613 -0.2343691 0.6225308 2.154045 -0.2195603 0.4734685 2.602123 -0.227998 0.3963671 2.586081 -0.2929398 0.3433051 2.581681 -0.1675881 0.3444601 2.568332 -0.3962094 -0.03697598 2.630727 -0.2165803 -0.03990635 2.433817 -0.2971263 -0.3612445 2.412294 -0.2302538 -0.3802446 2.452387 -0.2371795 -0.3276047 2.454085 -0.162612 -0.3519689 2.512241
-0.2396446 0.9911093 2.628559 -0.1280025 0.8117787 2.542926 -0.2762927 0.7775688 2.703292 -0.08488994 0.781127 2.553875 -0.3157403 0.6062547 2.820532 -0.04779415 0.8979246 2.301722 -0.3824223 0.4850288 2.942191 -0.0203755 0.9842534 2.121398 -0.4270304 0.434781 2.946809 -0.00974583 1.017721 2.056692 -0.1331384 0.4695207 2.540782 -0.1442989 0.402626 2.526641 -0.2124091 0.3403077 2.545595 -0.08027907 0.3584189 2.500983 -0.348541 0.01784638 2.674136 -0.1974907 -0.04150457 2.425045 -0.2849484 -0.3360982 2.39408 -0.1859861 -0.4292122 2.530625 -0.2562138 -0.3056833 2.467667 -0.1634058 -0.3525206 2.526177
-0.163056 0.9851906 2.693154 -0.1272699 0.7914112 2.565506 -0.2755602 0.7572013 2.725873 0.02926626 0.6721873 2.609881 -0.05929254 0.6699831 2.806907 -0.009283369 0.706535 2.384052 0.007467441 0.507426 2.980639 -0.1453454 0.5647131 2.290539 -0.03693358 0.4574114 2.985235 -0.1940831 0.4945851 2.259997 -0.1405061 0.4469159 2.512038 -0.1540097 0.3887685 2.46819 -0.2372671 0.3202397 2.424856 -0.07258559 0.2919623 2.48234 -0.1805259 -0.07226165 2.481776 -0.2418682 -0.039747 2.405643 -0.3212159 -0.3462193 2.302332 -0.1639009 -0.4217568 2.563482 -0.2930949 -0.322164 2.38874 -0.1494523 -0.3456035 2.544097
-0.1366429 0.9317174 2.723399 -0.0694015 0.7301903 2.579813 -0.2176917 0.6959804 2.74018 -0.002474369 0.6824932 2.556319 -0.001336843 0.6087271 2.821282 -0.1180833 0.7529169 2.34326 0.06538832 0.4460923 2.995114 -0.3444485 0.7509794 2.281046 0.02107088 0.3961718 2.999701 -0.4223919 0.7934278 2.263209 -0.07402559 0.4312437 2.539787 -0.1021171 0.3818425 2.500014 -0.1635022 0.3172798 2.510553 -0.04553011 0.3381943 2.466241 -0.08887947 -0.02950481 2.626492 -0.3010024 0.02875416 2.398582 -0.3545839 -0.3165856 2.347404 -0.2018554 -0.3201422 2.428166 -0.2973448 -0.292421 2.41782 -0.1446164 -0.2959776 2.498582
-0.12136 0.8990897 2.744458 -0.04243241 0.7042333 2.585235 -0.1907226 0.6700234 2.745601 0.04585321 0.6907401 2.568651 0.02550183 0.5828227 2.826665 -0.07519615 0.6847861 2.316164 0.09227896 0.4203041 3.000379 -0.2343878 0.581784 2.187483 0.0481205 0.3705627 3.00495 -0.2561334 0.5651985 2.17207 -0.04568075 0.416231 2.554695 -0.07815553 0.3722116 2.511531 -0.1437241 0.3058007 2.522369 -0.02368793 0.3273525 2.471911 -0.07205126 -0.05862761 2.574559 -0.2579073 -0.01160435 2.41457 -0.04537795 -0.3737358 2.441315 -0.07718764 -0.2714253 2.440949 -0.05227642 -0.4004948 2.545787 -0.02202348 -0.2474636 2.51315
-0.1267324 0.8700371 2.716393 -0.05177357 0.7064354 2.556599 -0.2000638 0.6722255 2.716965 0.0289197 0.6747852 2.456598 -0.2615556 0.4778448 2.781404 -0.03750532 0.5080554 2.274234 -0.3197874 0.2516142 2.874209 -0.07745099 0.3357242 2.192474 -0.3533811 0.1875767 2.903444 -0.06479887 0.3075621 2.183798 0.05247603 0.4041125 2.519742 0.03269961 0.3441019 2.480692 -0.001034454 0.2849148 2.473067 0.0894618 0.3048041 2.464506 -0.03144614 -0.08040172 2.543716 -0.2019406 -0.03674413 2.388161 0.005488442 -0.3505104 2.436314 -0.1307746 -0.3526892 2.234117 0.02709157 -0.3555275 2.542074 -0.06644014 -0.3176569 2.292967
-0.1659762 0.9391044 2.648757 -0.0667592 0.7774585 2.504829 -0.2150494 0.7432487 2.665195 0.03227548 0.7193532 2.452539 0.001221359 0.6560293 2.746326 -0.1928136 0.730079 2.303369 -0.1422111 0.4444665 2.756836 -0.4334242 0.6408467 2.283305 -0.1885601 0.4120229 2.791493 -0.4957554 0.6196442 2.275107 0.00952143 0.4746499 2.446174 -0.01039318 0.4248114 2.394474 -0.05022454 0.355762 2.391208 0.06018217 0.3826356 2.351112 0.06782131 -0.02328601 2.548814 -0.06074535 -0.009455499 2.279508 0.07333436 -0.3088353 2.46741 -0.006369915 -0.359433 2.207103 0.123261 -0.2963992 2.562556 -0.06296995 -0.3093246 2.233133
-0.09233005 0.9067423 2.440611 -0.06261485 0.7297572 2.398305 -0.2109051 0.6955473 2.558671 0.07105088 0.8204018 2.509709 0.03800404 0.6684775 2.588537 -0.04064377 0.6358857 2.344637 -0.05456781 0.5058032 2.399744 -0.1297728 0.4170612 2.231338 -0.05339491 0.4406187 2.387875 -0.146468 0.3366758 2.195318 -0.01731115 0.487395 2.407679 -0.02232535 0.450602 2.359236 -0.09035383 0.3585203 2.274057 0.06169729 0.3568814 2.425067 0.02372441 -0.05333215 2.5183 -0.07278115 0.03001162 2.260301 0.03643744 -0.3308944 2.432715 0.02936578 -0.3602805 2.197676 0.07902969 -0.325783 2.532012 -0.02659147 -0.3096751 2.22413
0.007222989 0.9268844 2.467594 0.01292836 0.7519597 2.387189 -0.1353618 0.7177498 2.547555 -0.1459764 0.7309124 2.289461 0.1065397 0.7382758 2.604213 -0.1227099 0.5496514 2.211469 -0.02560884 0.5742964 2.44452 -0.2500371 0.3497944 2.237259 -0.06713997 0.5245779 2.458227 -0.2875577 0.2927988 2.255769 0.07120289 0.4940442 2.363093 0.02848954 0.439589 2.362486 0.03924008 0.3902251 2.291021 0.0194552 0.3855288 2.419565 0.05466807 0.0938652 2.629031 -0.0720876 0.04801397 2.26423 0.06849553 -0.2161235 2.506227 -0.1211256 -0.3411096 2.191084 0.1035776 -0.1824153 2.602861 -0.03594856 -0.3012207 2.193223
-0.1842297 0.978472 2.53253 -0.1213652 0.8108975 2.470969 -0.2696554 0.7766876 2.631335 -0.08322544 0.7756552 2.331151 -0.03458083 0.8089494 2.703753 -0.0941446 0.5401407 2.203027 -0.06777732 0.6285267 2.51062 -0.1480937 0.3126406 2.134612 -0.03715015 0.571209 2.523172 -0.1315326 0.2247965 2.129303 0.0127607 0.4953713 2.398589 -0.003557579 0.4292991 2.359173 -0.02464503 0.3811959 2.385899 0.04469822 0.4096191 2.30814 0.02893007 0.007994618 2.642515 -0.1041311 0.03835612 2.326469 -0.1697955 -0.2983973 2.542616 -0.01440268 -0.3832173 2.18873 -0.2103356 -0.2871368 2.642519 -0.05586083 -0.3339409 2.236403
-0.1415776 0.8728701 2.489583 -0.02314245 0.6662583 2.394678 -0.1714327 0.6320484 2.555044 -0.09088154 0.7746854 2.336904 0.06384127 0.6643375 2.62755 -0.09175189 0.6103885 2.20006 -0.07071124 0.5581604 2.422606 -0.23154 0.4582944 2.139278 -0.06589862 0.4924411 2.42879 -0.2911499 0.3922075 2.129412 0.03310023 0.5282254 2.424692 -0.01003416 0.4851611 2.414306 -0.002551769 0.3997706 2.503049 0.02444265 0.4448133 2.324785 -0.2420103 -0.01709944 2.658509 -0.09450188 -0.02145964 2.302327 -0.3090829 -0.4282426 2.658346 -0.006274085 -0.3667976 2.173651 -0.2244819 -0.3844674 2.66013 -0.0453741 -0.3186281 2.224445
-0.3157517 1.026166 2.699645 -0.1953566 0.8678756 2.661569 -0.3436469 0.8336657 2.821935 -0.09772235 0.8269424 2.500255 -0.1076437 0.866055 2.894755 -0.02047403 0.6776519 2.278572 -0.1526876 0.624773 2.802248 -0.231576 0.6201379 2.154865 -0.1677022 0.5443456 2.775837 -0.2987059 0.6209434 2.132603 -0.09042929 0.5076337 2.598617 -0.1119983 0.4366806 2.558086 -0.171155 0.3752736 2.571863 -0.02681812 0.3840619 2.511788 -0.2959735 -0.02816206 2.642078 -0.1278277 -0.001032827 2.334123 -0.3214093 -0.4224571 2.539341 -0.04066516 -0.3611425 2.177099 -0.2527498 -0.3881766 2.594566 -0.07978956 -0.3128697 2.228065
-0.3865954 1.058057 2.764266 -0.2551813 0.9297602 2.747756 -0.3392638 0.7975399 2.908659 -0.1101338 0.8366594 2.64157 -0.09227891 0.7891536 2.959788 0.08845542 0.6766415 2.570941 -0.2374826 0.5748677 2.951741 0.09143426 0.4463729 2.452362 -0.2935887 0.5047663 2.950663 0.08582104 0.3648044 2.415236 -0.131639 0.5676444 2.702724 -0.1446598 0.4870228 2.659145 -0.1970645 0.422305 2.699019 -0.07245316 0.4451054 2.586778 -0.2885882 -0.08145842 2.705525 -0.1952466 0.01315777 2.350949 -0.2613402 -0.4083555 2.609479 -0.05261557 -0.3768454 2.273857 -0.2188655 -0.3408786 2.597209 -0.09188633 -0.3283883 2.325018
-0.3986381 1.007862 2.691813 -0.2759717 0.8888235 2.752083 -0.3769072 0.736167 2.843072 -0.1178216 0.8248962 2.682499 -0.3712531 0.5461502 2.901378 0.08184989 0.6617614 2.682986 -0.5007608 0.3311051 2.823558 0.1190945 0.4410196 2.539072 -0.577876 0.2557777 2.768109 0.1360543 0.3641294 2.497895 -0.1633961 0.5455685 2.746834 -0.1708223 0.476826 2.700552 -0.2188967 0.3828526 2.751505 -0.08303551 0.4206179 2.626768 -0.1788585 0.0914104 2.315909 -0.1680259 0.1249594 2.26814 -0.1354699 -0.2354009 2.135181 -0.2214041 -0.3067095 2.048688 -0.08628006 -0.1542313 2.189589 -0.1940274 -0.2368777 2.128328
-0.3834585 0.9914072 2.641207 -0.2668181 0.8581982 2.668044 -0.3728497 0.7030485 2.758316 -0.1185952 0.7760197 2.576543 -0.3810263 0.497573 2.811764 0.08239227 0.6486333 2.541614 -0.5382633 0.3229549 2.688735 0.1651615 0.5182147 2.370361 -0.6142873 0.2704924 2.618926 0.2110116 0.4244261 2.236879 -0.1871222 0.5056427 2.606781 -0.2067551 0.4448083 2.552001 -0.2577209 0.3152648 2.5915 -0.131743 0.4038968 2.462028 -0.3541156 -0.1537509 2.535256 -0.1429858 0.01427683 2.109801 -0.2999633 -0.4334984 2.431006 -0.1626369 -0.391158 1.825312 -0.320891 -0.4313923 2.538645 -0.1323387 -0.3205568 1.903581
-0.272657 0.8946702 2.367176 -0.1966005 0.6769844 2.31811 -0.3182333 0.6787378 2.498965 -0.0548338 0.6664633 2.248489 -0.3941451 0.4796881 2.621961 0.180525 0.5562857 2.229677 -0.5636067 0.40397 2.658432 0.3761764 0.4747677 2.065897 -0.6526973 0.4189949 2.649976 0.4567831 0.4627441 2.002567 -0.1867803 0.3686311 2.28104 -0.2235246 0.32104 2.235468 -0.2848648 0.2413285 2.256358 -0.1740141 0.2551666 2.177651 -0.3968204 -0.2047653 2.308599 -0.1377144 -0.2020604 1.926145 -0.2226774 -0.4520759 2.286203 -0.1593878 -0.6853874 1.727455 -0.2367003 -0.4107062 2.387035 -0.1285458 -0.6254544 1.772772
-0.2608188 0.8030314 1.951309 -0.1679694 0.6732163 1.998304 -0.2956819 0.5849589 2.109343 -0.01813351 0.5580009 1.931742 -0.3483808 0.5259299 2.284039 0.1068594 0.3322881 1.870649 -0.4142329 0.2759158 2.239852 0.178639 0.1121151 1.738355 -0.5181555 0.120492 2.211814 0.222495 0.05211196 1.70746 -0.1727072 0.30409 2.068737 -0.198638 0.2282909 2.045805 -0.2746268 0.1593015 2.093806 -0.1296023 0.1509381 2.001507 -0.395203 -0.2012068 2.118528 -0.1626008 -0.2508547 1.75544 -0.2579968 -0.4557616 2.158143 -0.190539 -0.696599 1.701662 -0.2833027 -0.4036282 2.251539 -0.1620654 -0.630469 1.739294
-0.3152148 0.7305495 1.787645 -0.1819971 0.64513 1.837357 -0.3047999 0.6518873 1.950722 -0.06975823 0.6148565 1.747594 -0.3464467 0.5065819 2.045014 -0.02125265 0.4129103 1.673306 -0.5001135 0.3922082 1.917266 -0.238625 0.3270147 1.545621 -0.5445797 0.4007502 1.864658 -0.3009409 0.3379428 1.523574 -0.1978417 0.3318639 1.910778 -0.2187856 0.2681944 1.907916 -0.275806 0.2109061 1.945305 -0.1719616 0.1971799 1.877044 -0.4410591 -0.1314659 1.898607 -0.1546324 -0.2508422 1.727429 -0.2847089 -0.3769963 1.999226 -0.2225814 -0.6643162 1.654512 -0.3221953 -0.2972557 2.064897 -0.1653535 -0.6269881 1.721318
-0.3431899 0.6973233 1.601698 -0.2099809 0.6119095 1.65143 -0.3076477 0.6463805 1.77046 -0.07581584 0.6080583 1.623423 -0.4836365 0.4755951 1.830837 -0.1524956 0.4186127 1.607464 -0.6481271 0.3838239 1.779509 -0.3665965 0.4711234 1.456379 -0.7029573 0.3532335 1.766813 -0.430896 0.4828058 1.413553 -0.2808568 0.2666894 1.682624 -0.3024447 0.199001 1.680352 -0.3767254 0.1668675 1.687201 -0.2507819 0.1281296 1.678374 -0.6303487 -0.1148288 1.638138 -0.2057332 -0.2359846 1.563388 -0.3451074 -0.356244 1.672505 -0.194743 -0.637613 1.555923 -0.3820974 -0.2538014 1.685411 -0.1692529 -0.5615213 1.567416
-0.3523974 0.66975 1.571958 -0.3712116 0.4891845 1.53414 -0.4692781 0.5238082 1.6537 -0.2374462 0.485486 1.506664 -0.4539019 0.3513678 1.434056 -0.3107146 0.3520696 1.333033 -0.300781 0.3329106 1.306457 -0.4504011 0.2271687 1.277911 -0.2497407 0.3267582 1.268332 -0.4974705 0.1864708 1.253816 -0.3822257 0.1684113 1.548825 -0.3927367 0.1047373 1.542312 -0.4617559 0.0643087 1.510964 -0.3326667 0.03230821 1.569853 -0.7367612 -0.1973072 1.482 -0.2636964 -0.3267037 1.453321 -1.071222 -0.5030398 1.363758 -0.2120769 -0.6986059 1.483621 -1.010923 -0.458121 1.440348 -0.1580168 -0.6730529 1.538304
-0.4434415 0.6095832 1.415917 -0.5487092 0.4630597 1.396679 -0.6467756 0.4976835 1.516239 -0.4149438 0.4593612 1.369202 -0.5474412 0.3451923 1.305241 -0.4554586 0.3032294 1.239411 -0.3748932 0.4158287 1.242544 -0.5657804 0.06993686 1.25395 -0.3160523 0.4138069 1.305295 -0.6025543 -0.007827327 1.263202 -0.5161901 0.1364827 1.38908 -0.5178691 0.07159009 1.377779 -0.5656125 0.01758501 1.380471 -0.4617951 0.01984992 1.366411 -0.7626737 -0.3533377 1.217595 -0.3960064 -0.3505747 1.399034 -0.7013612 -0.5511053 1.134604 -0.264198 -0.6992921 1.438948 -0.6224143 -0.5954146 1.196112 -0.2265182 -0.6617306 1.506391
